# id	left	top	right	bottom	texture_id
[SPRITES]

#GROUND
61001	86	37	101	52	50
61002	104	37	119	52	50
61003	122	37	137	52	50
61004	86	55	101	70	50
61005	104	55	119	70	50
61006	122	55	137	70	50

#WOOD BLOCK
61008	104	235	119	250	50

#CLOUD
61009	26	37	41	52	50
61010	44	37	59	52	50
61011	62	37	77	52	50
61012	26	55	41	70	50	
61013	44	55	59	70	50
61014	62	55	77	70	50

# CLOUD PLATFORM
61015	44	91	59	106	50

# GOLDEN BRICK	
61015	122	289	137	304	50
61016	86	307	101	322	50
61017	104	307	119	322	50
61018	122	307	137	322	50

# BUTTON
61019	926	55	941	70	50
61020	944	55	959	70	50
61021	962	55	977	70	50
61022	926	73	941	88	50


# ani_id	sprite1_id	time1	sprite2_id	time2	...
[ANIMATIONS]
10062	61008	1000
10064	61019	100	61020	100	61021	100
10065	61022	1000