# id	left	top	right	bottom	texture_id
[SPRITES]
90130	103	199	118	230	70
90131	120	199	135	230	70

90132	137	199	152	230	70
90133	154	199	169	230	70
90134	171	199	186	230	70
90135	188	199	203	230	70

90136	137	299	152	330	70
90137	154	299	169	330	70
90138	171	299	186	330	70
90139	188	299	203	330	70



# FIRE
90140	171	335	178	343	70
90141	188	335	135	343	70
90142	171	353	178	361	70
90143	188	353	135	361	70



# ani_id	sprite1_id	time1	sprite2_id	time2	...
[ANIMATIONS]
10031	90130	500	90131	500
10032	90132	500	90133	500
10033	90134	500	90135	500
10034	90136	500	90137	500
10035	90138	500	90139	500

10036	90140	100	90141	100	90142	100	90143	100