# id	left	top	right	bottom	texture_id
[SPRITES]
#IDLE
13121	497	350	520	377	80
13111	523	350	546	377	80

#WALKING RIGHT
13222	497	350	520	377	80
13223	471	350	494	377	80
13224	445	350	468	377	80


#WALKING LEFT
13212	523	350	546	377	80
13213	549	350	572	377	80
13214	575	350	598	377	80

#RUNNING RIGHT
13321	315	350	338	377	80
13322	289	350	312	377	80
13323	263	350	286	377	80

#RUNNING LEFT
13311	705	350	728	377	80
13312	731	350	754	377	80
13313	757	350	780	377	80


#JUMP WALK RIGHT & LEFT
13417	393	350	416	377	80
13413	627	350	650	377	80

#JUMP RUN RIGHT & LEFT
13427	237	350	260	377	80
13423	783	350	806	377	80

#SIT RIGHT & LEFT 
13521	601	359	624	377	80
13511	601	359	624	377	80

#BRACE RIGHT & LEFT 
13621	167	354	182	377	80
13611	861	354	876	377	80

#TAIL ATTACK
13711	880	350	911	377	80
13712	914	350	945	377	80
13713	948	350	979	377	80	
13714	982	350	1013	377	80

#FLYING RIGHT & LEFT
13811	783	350	806	377	80
13812	809	350	832	377	80
13813	835	350	858	377	80	

13814	237	350	260	377	80
13815	211	350	234	377	80	
13816	185	350	208	377	80




# ani_id	sprite1_id	time1	sprite2_id	time2	...
[ANIMATIONS]
#IDLE RIGHT & LEFT
2100	13121	100
2101	13111	100

#WALKING RIGHT & LEFT 
2200	13222	75	13223	75	13224	75	13223	75
2201	13212	75	13213	75	13214	75	13213	75

#RUNNING RIGHT & LEFT
2300	13321	50	13322	50	13323	50
2301	13311	50	13312	50	13313	50

#JUMP WALK
2400	13417	100
2401	13413	100

#JUMP RUN
2500	13427	100
2501	13423	100

#SIT RIGHT & LEFT 
2600	13521	100
2601	13511	100

#BRACE RIGHT & LEFT 
2700	13621	100
2701	13611	100

#TAIL ATTACK RIGHT & LEFT
2800	13714	100	13712	100	13711	100	13713	100	13714	100	13714	100
2801	13711	100	13712	100	13714	100	13713	100	13711	100	13711	100

#FLY RIGHT & LEFT
2811	13811	75	13812	75	13813	75
2810	13814	75	13815	75	13816	75
