# list of object assets to load in this scene
[ASSETS]
mario.txt
brick.txt
coin.txt
goomba.txt
cloud.txt
ground.txt
platforms.txt
tunnels.txt
bush.txt
mushroom.txt
mysteryBox.txt
piranhaPlant.txt
koopa.txt
paratroopa.txt
raccoonMario.txt

[OBJECTS]
# type	x	y	extra_settings per object type
# type: 0 = Mario , 1 = Brick, 2 = Goomba, 3 = Koopas
# See OBJECT_TYPE constants in AssetIDs.h

# BACK PLATFORM
7	272	336	16	16	3	5	80020
7	240	368	16	16	3	3	80000

7	512	304	16	16	4	7	80030
7	464	336	16	16	4	5	80000
7	400	368	16	16	5	3	80010
7	512	384	16	16	6	2	80010

		
# GROUND 
5	0	416	16	16	39	61000	62000	63000
5	624	400	16	16	29	61000	62000	63000

# BIG BUSHES
9	80	400	1	10011	10018	10013	10013
9	32	384	2	10017	10018	10013	10013
9	112	384	1	10011	10012	10013	10013
9	112	400	1	10013	10015	10013	10013
9	16	368	3	10011	10012	10014	10015
9	64	368	1	10011	10012	10014	10015
9	96	368	2	10011	10012	10014	10015
9	64	368	1	10011	10012	10014	10015
9	64	384	2	10013	10015	10013	10015
9	32	352	2	10011	10012	10014	10015

9	816	384	1	10011	10018	10014	10015
9	848	368	2	10011	10012	10013	10013
9	880	368	2	10011	10018	10013	10013
9	832	352	2	10011	10012	10014	10015
9	864	352	2	10011	10012	10014	10015
9	880	336	2	10011	10012	10014	10015
9	912	352	3	10011	10012	10013	10015
9	944	384	1	10011	10018	10013	10015
9	976	368	2	10011	10012	10013	10015
9	960	352	2	10011	10012	10014	10015

# Boundary
#6	0	0	20	0	10000	0

#SMALL BUSHES

10	160	400	3	10016
10	672	384	6	10016
10	1040	384	2	10016

# MYSTERY BOX	MUSHROOM: 10020	 COIN: 11000
12	176	352	10022	10021	11000
12	192	352	10022	10021	11000

12	224	304	10022	10021	11000
12	240	304	10022	10021	10020

12	416	96	10022	10021	11000

12	672	384	10022	10021	10020
12	720	352	10022	10021	11000



# PIRANHA PLANTS
#13	360	156	1

# TUNNELS
8	352	368	4	10001	10002	10003	10004

# GOOMBAS
#2	240	400	0

# KOOPA
#14	512	140
#15	120	120

#LEAF
16	240	400


# MARIO
0	500	10		

#Portal 
# 50	300	110	316	140	3
